// Nexus Buddy BR2 - Exported from Blender for import to Nexus Buddy 2
skeleton
0 "Dummy_WORLD" -1 0.00000000 0.00000000 0.00000000 0.00000000 0.00000000 0.00000000 1.00000000 1.00000000 0.00000000 0.00000000 0.00000000 0.00000000 1.00000000 0.00000000 0.00000000 0.00000000 0.00000000 1.00000000 0.00000000 0.00000000 0.00000000 0.00000000 1.00000000
1 "CHARACTER_REORIENT" 0 0.00000000 4.61474133 61.63363647 -0.50090861 -0.49748495 -0.50076866 0.50082946 0.00347901 0.99998826 0.00336843 -0.00000000 -0.00321044 -0.00335727 0.99998921 -0.00000000 0.99998879 -0.00348979 0.00319872 -0.00000000 -61.61812973 0.23058124 -4.81184053 1.00000000
2 "Base HumanPelvis" 1 0.00000071 -0.00000012 0.00000952 0.00000000 0.00000000 0.00000000 1.00000000 0.00347901 0.99998826 0.00336843 -0.00000000 -0.00321044 -0.00335727 0.99998921 -0.00000000 0.99998879 -0.00348979 0.00319872 -0.00000000 -61.61812973 0.23058136 -4.81185007 1.00000000
3 "Base HumanLThigh" 2 1.16527820 7.57894707 1.16565847 0.07891380 0.97553915 0.20095679 0.04138172 0.16700673 0.90858805 0.38285318 -0.00000000 -0.04643739 0.39512417 -0.91745323 0.00000000 -0.98486149 0.13544215 0.10818088 -0.00000000 60.82586288 -17.66829491 -4.41936111 1.00000000
4 "Base HumanRThigh" 2 1.16541588 -7.58687782 1.11272609 -0.07934155 0.97888178 -0.18398477 0.04055840 -0.17384560 0.91797507 -0.35651025 0.00000000 -0.04647793 -0.36926758 -0.92816019 0.00000000 -0.98367554 -0.14478669 0.10686116 -0.00000000 60.75306320 18.17712593 -4.07980061 1.00000000
5 "Base HumanSpine1" 2 3.05397987 -0.00078835 0.23366235 -0.00011439 0.06154939 0.00021994 0.99810404 0.00346375 0.99998581 0.00402579 -0.00000000 -0.12605163 -0.00355709 0.99201715 -0.00000000 0.99201751 -0.00394356 0.12603752 -0.00000000 -63.56208038 0.26169011 -12.95318317 1.00000000
6 "Base HumanSword Sheath" 2 1.35684264 18.33568573 -3.85653591 -0.13088143 -0.90403587 -0.05644563 0.40299276 0.19142069 0.96032649 0.20280734 -0.00000000 0.74482298 -0.00755743 -0.66721910 0.00000000 -0.63921559 0.27877513 -0.71672004 0.00000000 36.19182587 -35.13376236 41.83687592 1.00000000
7 "Point_SWORD_CON" 2 13.32838726 63.08818817 -49.58221054 -0.62485003 0.21903253 -0.63739353 0.39410248 -0.77369243 -0.59521288 0.21707435 -0.00000000 0.62621319 -0.77046311 0.11934554 0.00000000 0.09621184 0.22827163 0.96883178 -0.00000000 69.85948181 -14.38806915 -80.52997589 1.00000000
8 "Base HumanLCalf" 3 27.17163658 0.01215621 0.00513861 0.55540013 0.04768102 -0.01182241 0.83013099 0.16115364 0.71251547 -0.68289924 -0.00000000 0.05163522 -0.69708294 -0.71512890 0.00000000 -0.98557764 0.07998402 -0.14912830 0.00000000 33.31076431 -8.39960098 16.87072563 1.00000000
9 "Base HumanRCalf" 4 27.17164040 -0.01335859 0.00519866 -0.53681636 0.04761105 0.01210115 0.84226775 -0.16799283 0.72304386 0.67006421 0.00000000 0.05159427 0.68524182 -0.72648591 0.00000000 -0.98443711 -0.08747298 -0.15242060 -0.00000000 33.24101257 8.98936272 17.01526451 1.00000000
10 "Base HumanSpine2" 5 15.15329933 0.00019944 0.00000452 0.00017281 -0.09251525 -0.00032662 0.99571121 0.00346375 0.99998945 0.00303500 -0.00000000 0.05887469 -0.00323369 0.99826008 -0.00000000 0.99825937 -0.00327904 -0.05888529 -0.00000000 -79.75454712 0.20756657 1.77076399 1.00000000
11 "Base HumanSword01" 7 -0.21946621 1.22322392 -1.66012335 0.70179415 0.52631879 -0.47318807 0.08103346 -0.55532616 -0.45668620 0.69501817 -0.00000000 -0.60067713 0.79824811 0.04457008 0.00000000 -0.57515144 -0.39273056 -0.71760923 -0.00000000 48.64572906 94.21547699 11.50045586 1.00000000
12 "Base HumanLFoot" 8 33.48973083 0.01858702 -0.01782271 0.68872881 0.17742944 0.61718971 0.33652401 -0.00066739 -0.99994957 -0.01002240 -0.00000000 -0.97345805 -0.00164399 0.22885963 0.00000000 -0.22886451 0.00990905 -0.97340769 0.00000000 6.75536251 17.53956413 1.68811917 1.00000000
13 "Base HumanRFoot" 9 33.48974991 -0.01952097 -0.01808240 -0.69368643 0.17636633 -0.61749434 0.32618207 -0.00066768 -0.99994963 -0.01002147 -0.00000000 -0.97345787 -0.00164381 0.22886088 0.00000000 -0.22886577 0.00990827 -0.97340763 0.00000000 6.75562859 -17.98902321 1.45368445 1.00000000
14 "Base HumanRibcage" 10 19.01884842 0.00019509 -0.00000094 0.00007040 -0.03938957 -0.00012666 0.99922395 0.00343323 0.99999070 0.00262220 -0.00000000 0.13727385 -0.00306869 0.99052829 -0.00000000 0.99052715 -0.00304076 -0.13728313 -0.00000000 -98.32754517 0.18318273 9.54048920 1.00000000
15 "Base HumanSword02" 11 68.21713257 0.06437261 -0.09780963 0.00000092 -0.00000079 0.00000044 1.00000000 -0.55532539 -0.45668441 0.69501990 -0.00000000 -0.60067636 0.79824871 0.04456957 0.00000000 -0.57515293 -0.39273137 -0.71760756 -0.00000000 -19.57130241 94.15113831 11.59812355 1.00000000
16 "Base HumanLCollarbone" 14 -1.15984213 2.02325249 -3.42659473 -0.45837542 -0.61865783 0.43545032 0.46640915 0.97331178 0.19856685 -0.11504628 -0.00000000 0.15335935 -0.93573725 -0.31761080 0.00000000 -0.17072007 0.29149094 -0.94121611 0.00000000 14.57680130 -28.54006195 92.66108704 1.00000000
17 "Base HumanNeck1" 14 2.14678955 0.00186874 -0.57653487 -0.00034103 0.18335934 0.00065408 0.98304570 0.00341797 0.99998361 0.00459393 -0.00000000 -0.22904736 -0.00368895 0.97340798 -0.00000000 0.97340918 -0.00437931 0.22903101 -0.00000000 -97.36521149 0.31873035 -26.78417015 1.00000000
18 "Base HumanRCollarbone" 14 -1.15982711 -2.00106764 -3.43960476 0.45851007 -0.61613131 -0.43910646 0.46619341 -0.97445959 0.19591194 0.10975866 0.00000000 0.15328003 0.93747556 -0.31248096 0.00000000 -0.16411485 -0.28767633 -0.94356155 -0.00000000 14.17778587 28.11420250 92.86226654 1.00000000
19 "Base HumanLUpperarm" 16 11.39148808 -2.81505919 -0.54066449 -0.23579282 -0.23701662 -0.03392056 0.94184625 0.81801897 0.39626035 -0.41692054 -0.00000000 -0.05590823 -0.66662931 -0.74328965 0.00000000 -0.57246768 0.63133436 -0.52316117 0.00000000 44.69079590 -62.14366913 59.15560532 1.00000000
20 "Base HumanNeck2" 17 4.90757751 0.00003874 0.00000682 0.00019742 -0.10278109 -0.00038479 0.99470389 0.00347901 0.99998796 0.00348432 -0.00000000 -0.02516903 -0.00339568 0.99967724 -0.00000000 0.99967712 -0.00356559 0.02515689 -0.00000000 -105.58885956 0.23191255 -5.30629063 1.00000000
21 "Base HumanRUpperarm" 18 11.39206123 2.81529093 -0.52671850 0.23481308 -0.23720373 0.03225986 0.94210219 -0.82197154 0.38856518 0.41638920 0.00000000 -0.05613062 0.67228246 -0.73816359 0.00000000 -0.56675589 -0.63012171 -0.53078663 -0.00000000 44.34014893 61.86616898 59.79822922 1.00000000
22 "Base HumanFacePlate" 20 8.04454613 -0.00005982 0.04246666 -0.49545404 0.50245744 0.48816293 0.51357454 0.00010759 0.02890359 0.99958217 -0.00000000 -0.99997717 0.00670425 -0.00008623 0.00000000 -0.00670393 -0.99955952 0.02890366 -0.00000000 3.25015473 113.66007233 -3.46898246 1.00000000
23 "Base HumanLForearm" 19 19.67010498 0.01877217 -0.01975760 -0.10275936 -0.07553477 0.05873447 0.99009359 0.79795182 0.39125207 -0.45846984 -0.00000000 -0.24496941 -0.48447502 -0.83980572 0.00000000 -0.55069304 0.78243572 -0.29074290 0.00000000 24.50445747 -75.50859070 41.10852051 1.00000000
24 "Base HumanRForearm" 21 19.67008018 -0.01874450 -0.02008550 0.10124905 -0.07495732 -0.05944719 0.99025053 -0.80176920 0.38076046 0.46063834 0.00000000 -0.24515551 0.49339268 -0.83454311 0.00000000 -0.54503667 -0.78203905 -0.30224150 -0.00000000 24.15323067 75.23688507 42.10247421 1.00000000
25 "Base HumanLPalm" 23 15.57343864 0.01030575 -0.01206890 -0.53167820 0.08307400 0.04153770 0.84183830 0.86136144 0.44965416 0.23636343 -0.00000000 -0.07727090 0.57584977 -0.81389564 0.00000000 -0.50208145 0.68279421 0.53076005 -0.00000000 2.59877467 -70.50252533 -49.96409607 1.00000000
26 "Base HumanRPalm" 24 15.57343292 -0.00911091 -0.01102034 0.71016657 0.02638530 -0.03418419 0.70270813 -0.84224939 0.38616401 -0.37615597 0.00000000 -0.17798857 -0.85783285 -0.48212302 0.00000000 -0.50885755 -0.33911631 0.79124206 -0.00000000 4.14626884 41.86190033 -75.75954437 1.00000000
meshes:2
mesh:"Longswordsman.015"
vertices
12.65340996 -1.02575600 66.01540874 -0.44627216 0.49739066 -0.74388868 0.88757998 0.54699501 5 5 5 5 255 0 0 0
12.11705017 2.60774636 72.18865703 -0.51063567 0.77367473 -0.37501144 0.88101399 0.48989397 5 5 5 5 255 0 0 0
15.12458992 2.48403287 72.31348918 0.84228033 0.49473557 -0.21390423 0.89533001 0.48989397 5 5 5 5 255 0 0 0
12.36693001 5.05001330 78.93938182 -0.46443069 0.88241220 0.07501449 0.88757998 0.43279397 5 5 5 5 255 0 0 0
12.92354012 4.20669818 79.34817241 -0.02005066 0.42533648 0.90478224 0.89687800 0.43279397 5 5 5 5 255 0 0 0
13.86561966 2.77936864 80.04006694 0.44654682 -0.49821466 0.74318677 0.91261297 0.43279397 5 5 5 5 255 0 0 0
14.18941975 -0.53209376 73.71069072 0.51063567 -0.77367473 0.37501144 0.91562998 0.48989397 5 5 5 5 255 0 0 0
14.15209007 -3.29640159 67.11610912 0.46467483 -0.88238168 -0.07394635 0.91261297 0.54699501 5 5 5 5 255 0 0 0
13.21000957 -1.86906767 66.42421459 0.02005066 -0.42533648 -0.90478224 0.89687800 0.54699501 5 5 5 5 255 0 0 0
10.82355976 0.13446212 73.32271312 -0.87588120 -0.44383067 0.18924528 0.89532900 0.48989397 5 5 5 5 255 0 0 0
13.57966995 2.92579961 72.67226909 0.96185184 0.18012024 0.20581684 0.64643300 0.53510499 5 5 5 5 255 0 0 0
13.31089020 1.34129310 70.10924266 0.57420576 -0.78109074 -0.24521622 0.64516997 0.51346901 5 5 5 5 255 0 0 0
-1.90325999 22.16795564 59.05943416 0.12027345 -0.14462721 -0.98211616 0.84112900 0.51547101 5 5 5 5 255 0 0 0
-1.88609505 23.59339166 61.32477687 0.72179329 0.69148839 -0.02780236 0.84283799 0.53481901 5 5 5 5 255 0 0 0
-4.52290010 25.64364839 59.86958812 -0.54847866 0.75209814 -0.36533707 0.86554801 0.53335500 5 5 5 5 255 0 0 0
-3.20220900 23.72298837 63.61514018 -0.36182746 0.47834712 0.80013430 0.83896703 0.55119699 5 5 5 5 255 0 0 0
11.85554028 3.09009242 75.30954479 0.26416823 -0.36625263 0.89220864 0.64248300 0.55414999 5 5 5 5 255 0 0 0
11.53586960 1.56541228 72.91228221 -0.46003601 -0.86773276 0.18805505 0.64362001 0.57799599 5 5 5 5 255 0 0 0
11.85554028 3.09009242 75.30954479 0.26416823 -0.36625263 0.89220864 0.64493501 0.55767301 5 5 5 5 255 0 0 0
-3.20220900 23.72298837 63.61514018 -0.36182746 0.47834712 0.80013430 0.84141803 0.56062499 5 5 5 5 255 0 0 0
-3.39820099 22.53504395 61.40769695 -0.87078464 -0.48802149 -0.05938902 0.84136897 0.57873401 5 5 5 5 255 0 0 0
-4.52290010 25.64364839 59.86958812 -0.54847866 0.75209814 -0.36533707 0.86799997 0.57846701 5 5 5 5 255 0 0 0
-1.90325999 22.16795564 59.05943416 0.12027345 -0.14462721 -0.98211616 0.84358001 0.59635100 5 5 5 5 255 0 0 0
13.31089020 1.34129310 70.10924266 0.57420576 -0.78109074 -0.24521622 0.64762098 0.59835401 5 5 5 5 255 0 0 0
19.49546051 -6.82563090 76.78548931 0.99984741 -0.00009156 0.01617481 0.98415101 0.48930299 5 5 5 5 255 0 0 0
18.71686935 -6.68688655 78.13172649 0.33787042 -0.22559282 0.91372418 0.98415101 0.47780597 5 5 5 5 255 0 0 0
17.98918915 -7.64842725 77.13892101 -0.47166356 -0.79482406 0.38172552 0.98414999 0.48930299 5 5 5 5 255 0 0 0
18.76766968 -7.78505111 75.79716228 0.36579487 -0.84115118 -0.39823604 0.98415101 0.50075799 5 5 5 5 255 0 0 0
13.20483971 0.38773799 71.11563610 0.03030488 -0.45890683 -0.88793606 0.89711601 0.50652000 5 5 5 5 255 0 0 0
13.99689960 1.63244748 72.63969921 0.86352122 0.45896786 -0.20889920 0.89720398 0.48968703 5 5 5 5 255 0 0 0
13.14387035 2.01864362 74.64991497 0.01242103 0.39674062 0.91784418 0.89733398 0.47189599 5 5 5 5 255 0 0 0
12.34587002 0.83543992 73.24374126 -0.85549486 -0.45924252 0.23917356 0.89720398 0.48754698 5 5 5 5 255 0 0 0
13.57966995 2.92579961 72.67226909 0.96185184 0.18012024 0.20581684 0.64545703 0.53525200 5 5 5 5 255 0 0 0
11.85554028 3.09009242 75.30954479 0.26416823 -0.36625263 0.89220864 0.63847297 0.51366401 5 5 5 5 255 0 0 0
11.53586960 1.56541228 72.91228221 -0.46003601 -0.86773276 0.18805505 0.62889200 0.53213701 5 5 5 5 255 0 0 0
13.31089020 1.34129310 70.10924266 0.57420576 -0.78109074 -0.24521622 0.63580900 0.55506599 5 5 5 5 255 0 0 0
-19.62174034 10.80572915 7.02386592 -0.07211524 0.97811824 -0.19498275 0.81091201 0.88625600 9 13 9 9 128 127 0 0
-22.30841064 7.22782350 6.28276990 -0.94402903 0.21778008 0.24765770 0.77203602 0.89487400 9 13 9 9 128 127 0 0
-23.93160057 7.36192250 9.78825973 -0.96084476 0.10751671 0.25531784 0.78508598 0.92413900 9 9 9 9 255 0 0 0
-19.10040092 2.57780004 6.99919103 0.02603229 -0.93298137 0.35889769 0.73677301 0.91852100 9 13 9 9 128 127 0 0
-19.33806992 1.99462771 8.73667167 0.06299020 -0.84698021 0.52784812 0.73689598 0.93269900 9 9 9 9 255 0 0 0
-20.63522911 -9.91175008 0.12875907 0.16486099 -0.93581957 -0.31144139 0.71556401 0.81654300 13 13 13 13 255 0 0 0
-25.84877968 -8.18778872 0.10427889 -0.85073400 -0.52500993 -0.02395703 0.74255598 0.81733900 13 13 13 13 255 0 0 0
-25.98551941 -4.22236192 0.10826425 -0.80147707 0.06720176 -0.59419537 0.74545300 0.83851400 13 13 13 13 255 0 0 0
-17.62756920 -3.79457068 0.10672203 0.57252723 -0.19116795 -0.79726553 0.70839602 0.83320600 13 13 13 13 255 0 0 0
-23.89056969 8.06551003 0.06404126 -0.56767482 0.21704765 -0.79409164 0.73341900 0.88115500 13 13 13 13 255 0 0 0
-15.59692001 8.14024949 0.06374881 0.88784450 0.11935789 -0.44431898 0.70611101 0.87277400 13 13 13 13 255 0 0 0
-20.80669022 12.86472917 0.04672458 -0.07916501 0.99468976 -0.06570635 0.71542001 0.89686800 13 13 13 13 255 0 0 0
-20.63522911 -9.91175008 0.12875907 0.16486099 -0.93581957 -0.31144139 0.70782900 0.66359600 13 13 13 13 255 0 0 0
-19.78524971 -7.20573735 3.98701786 0.66045105 -0.45170447 0.59978026 0.71846402 0.70464399 13 13 13 13 255 0 0 0
-24.99879074 -5.48451853 3.20045780 -0.59779656 -0.34156317 0.72521132 0.76211703 0.69784400 13 13 13 13 255 0 0 0
-17.62756920 -3.79457068 0.10672203 0.57252723 -0.19116795 -0.79726553 0.67906398 0.71993801 13 13 13 13 255 0 0 0
-15.59692001 8.14024949 0.06374881 0.88784450 0.11935789 -0.44431898 0.64610898 0.82275701 13 13 13 13 255 0 0 0
-25.84877968 -8.18778872 0.10427889 -0.85073400 -0.52500993 -0.02395703 0.76029003 0.65590101 13 13 13 13 255 0 0 0
-25.98551941 -4.22236192 0.10826425 -0.80147707 0.06720176 -0.59419537 0.78700602 0.69440800 13 13 13 13 255 0 0 0
-20.80669022 12.86472917 0.04672458 -0.07916501 0.99468976 -0.06570635 0.63972002 0.87908600 13 13 13 13 255 0 0 0
-19.62174034 10.80572915 7.02386592 -0.07211524 0.97811824 -0.19498275 0.69507402 0.87677700 9 13 9 9 128 127 0 0
-16.61090088 7.52965665 5.50063966 0.96832180 0.24900052 0.01669363 0.68350899 0.83035600 9 13 9 9 128 127 0 0
-19.10040092 2.57780004 6.99919103 0.02603229 -0.93298137 0.35889769 0.72940099 0.79403000 9 13 9 9 128 127 0 0
-22.30841064 7.22782350 6.28276990 -0.94402903 0.21778008 0.24765770 0.77467400 0.82264800 9 13 9 9 128 127 0 0
-23.89056969 8.06551003 0.06404126 -0.56767482 0.21704765 -0.79409164 0.81885397 0.81593800 13 13 13 13 255 0 0 0
-20.80669022 12.86472917 0.04672458 -0.07916501 0.99468976 -0.06570635 0.81186998 0.87492800 13 13 13 13 255 0 0 0
-19.62174034 10.80572915 7.02386592 -0.07211524 0.97811824 -0.19498275 0.75604802 0.86356600 9 13 9 9 128 127 0 0
-14.17955971 7.50451016 8.88309215 0.97460860 0.17004913 0.14560381 0.68741000 0.93151300 9 9 9 9 255 0 0 0
-16.61090088 7.52965665 5.50063966 0.96832180 0.24900052 0.01669363 0.68818498 0.90252800 9 13 9 9 128 127 0 0
-19.62174034 10.80572915 7.02386592 -0.07211524 0.97811824 -0.19498275 0.64683998 0.90715900 9 13 9 9 128 127 0 0
-19.46397972 11.57784390 9.86986278 -0.01303140 0.94991910 0.31220436 0.64060903 0.93665300 9 9 9 9 255 0 0 0
-19.46397972 11.57784390 9.86986278 -0.01303140 0.94991910 0.31220436 0.82882297 0.91450600 9 9 9 9 255 0 0 0
-21.31118965 7.07511163 11.22268413 -0.77074498 -0.18631551 0.60927153 0.78435200 0.93964900 9 9 9 9 255 0 0 0
-20.43911934 4.89376998 27.95838664 -0.97006136 0.09558398 0.22318186 0.51064003 0.82232200 9 9 9 9 255 0 0 0
-17.75016975 3.29964995 33.55857204 -0.90697956 -0.05288858 -0.41782892 0.51414198 0.77375200 9 4 9 9 153 102 0 0
-14.67926025 7.45974755 33.89164470 -0.08899198 0.98635823 -0.13846248 0.55981898 0.77535599 9 4 9 9 127 128 0 0
-16.29689026 10.62519574 25.58611797 0.21930601 0.97198403 0.08432264 0.55074900 0.84139600 9 9 9 9 255 0 0 0
-19.15191078 10.10989785 11.14138339 -0.13824885 0.77053136 0.62218088 0.52943403 0.93620500 9 9 9 9 255 0 0 0
-21.31118965 7.07511163 11.22268413 -0.77074498 -0.18631551 0.60927153 0.49754500 0.93251200 9 9 9 9 255 0 0 0
-19.04669952 3.84616208 10.31800960 -0.22840053 -0.92944121 0.28968170 0.45938900 0.93212500 9 9 9 9 255 0 0 0
-16.09049988 -0.84800100 25.88802265 -0.07287820 -0.98724324 -0.14133121 0.46171799 0.82261100 9 9 9 9 255 0 0 0
-15.01469040 -0.96515965 32.07962535 -0.02139348 -0.83281958 -0.55308694 0.46300599 0.77794801 9 4 9 9 179 76 0 0
-14.75638008 -5.18883705 33.67903255 -0.25379193 -0.59520251 -0.76241338 0.46046299 0.74755001 9 4 9 9 127 128 0 0
-14.38220024 10.29586530 35.42273830 -0.15182959 0.74459058 -0.64998323 0.56966698 0.73961401 4 4 4 4 255 0 0 0
-5.91198683 2.16007590 32.15645717 0.67101049 -0.11096530 -0.73308510 0.64181203 0.75515699 4 4 4 4 255 0 0 0
-10.09469032 2.60423207 32.13251995 0.41746268 0.05459761 -0.90704060 0.61043501 0.78790200 9 4 9 9 153 102 0 0
-19.15191078 10.10989785 11.14138339 -0.13824885 0.77053136 0.62218088 0.66161102 0.95851900 9 9 9 9 255 0 0 0
-16.57950974 7.08369946 10.78693031 0.97357094 -0.13650930 0.18292795 0.69973397 0.95714000 9 9 9 9 255 0 0 0
-19.04669952 3.84616208 10.31800960 -0.22840053 -0.92944121 0.28968170 0.73568201 0.94736400 9 9 9 9 255 0 0 0
-19.15191078 10.10989785 11.14138339 -0.13824885 0.77053136 0.62218088 0.82044399 0.93499700 9 9 9 9 255 0 0 0
-21.61412048 2.39259648 35.87299465 -0.98391676 0.03204444 -0.17560351 0.51640898 0.73824599 4 4 4 4 255 0 0 0
-10.09469032 2.60423207 32.13251995 0.41746268 0.05459761 -0.90704060 0.41669399 0.78011000 9 4 9 9 153 102 0 0
-5.91198683 2.16007590 32.15645717 0.67101049 -0.11096530 -0.73308510 0.38650599 0.75107200 4 4 4 4 255 0 0 0
-13.90647984 -4.44670177 38.18558620 -0.19000824 -0.98089540 0.04101688 0.46025401 0.72694200 4 4 4 4 255 0 0 0
-10.46541023 4.42352271 25.92489932 0.98556477 -0.04214606 -0.16388440 0.60275602 0.83530600 9 9 9 9 255 0 0 0
-10.46541023 4.42352271 25.92489932 0.98556477 -0.04214606 -0.16388440 0.41134900 0.82155000 9 9 9 9 255 0 0 0
-16.57950974 7.08369946 10.78693031 0.97357094 -0.13650930 0.18292795 0.42545101 0.92876800 9 9 9 9 255 0 0 0
-16.57950974 7.08369946 10.78693031 0.97357094 -0.13650930 0.18292795 0.55996698 0.93832400 9 9 9 9 255 0 0 0
18.85607910 10.73375535 7.05062269 0.05691702 0.98153633 -0.18243966 0.81091201 0.88625600 8 12 8 8 128 127 0 0
18.72633934 11.44681001 9.93553661 0.00430311 0.94421214 0.32926419 0.82882297 0.91450600 8 8 8 8 255 0 0 0
23.24718094 7.29195619 9.73660110 0.96349984 0.11661123 0.24085207 0.78508598 0.92413900 8 8 8 8 255 0 0 0
21.57476044 7.19137597 6.26692508 0.94256419 0.22766808 0.24436170 0.77203602 0.89487400 8 12 8 8 128 127 0 0
18.42110062 2.50306726 6.96907209 -0.01974548 -0.93642992 0.35026094 0.73677301 0.91852100 8 12 8 8 128 127 0 0
18.71085930 1.87974668 8.66709350 -0.04605243 -0.85671562 0.51371807 0.73689598 0.93269900 8 8 8 8 255 0 0 0
25.34108925 -4.22291732 0.10624424 0.80089724 0.07382427 -0.59419537 0.74545300 0.83851400 12 12 12 12 255 0 0 0
25.23702049 -8.18933463 0.10226345 0.85500658 -0.51799065 -0.02398755 0.74255598 0.81733900 12 12 12 12 255 0 0 0
20.03786087 -9.95618749 0.12689725 -0.15717033 -0.93716240 -0.31144139 0.71556401 0.81654300 12 12 12 12 255 0 0 0
16.97991943 -3.86399364 0.10495029 -0.57097077 -0.19586779 -0.79723501 0.70839602 0.83320600 12 12 12 12 255 0 0 0
23.14496994 8.04727292 0.06209299 0.56587422 0.22174749 -0.79406112 0.73341900 0.88115500 12 12 12 12 255 0 0 0
14.85099983 8.05368257 0.06202388 -0.88882107 0.11185034 -0.44438002 0.70611101 0.87277400 12 12 12 12 255 0 0 0
20.02165985 12.82093263 0.04486747 0.07126072 0.99536121 -0.06448561 0.71542001 0.89686800 12 12 12 12 255 0 0 0
15.87045002 7.43681455 5.52271818 -0.97009188 0.24140140 0.02514725 0.68350899 0.83035600 8 12 8 8 128 127 0 0
18.85607910 10.73375535 7.05062269 0.05691702 0.98153633 -0.18243966 0.69507402 0.87677700 8 12 8 8 128 127 0 0
20.02165985 12.82093263 0.04486747 0.07126072 0.99536121 -0.06448561 0.63972002 0.87908600 12 12 12 12 255 0 0 0
14.85099983 8.05368257 0.06202388 -0.88882107 0.11185034 -0.44438002 0.64610898 0.82275701 12 12 12 12 255 0 0 0
16.97991943 -3.86399364 0.10495029 -0.57097077 -0.19586779 -0.79723501 0.67906398 0.71993801 12 12 12 12 255 0 0 0
19.16572952 -7.25727344 3.98517345 -0.65453047 -0.45683157 0.60234380 0.71846402 0.70464399 12 12 12 12 255 0 0 0
18.42110062 2.50306726 6.96907209 -0.01974548 -0.93642992 0.35026094 0.72940099 0.79403000 8 12 8 8 128 127 0 0
24.36488914 -5.49316072 3.19845937 0.60029906 -0.33634448 0.72557753 0.76211703 0.69784400 12 12 12 12 255 0 0 0
20.03786087 -9.95618749 0.12689725 -0.15717033 -0.93716240 -0.31144139 0.70782900 0.66359600 12 12 12 12 255 0 0 0
21.57476044 7.19137597 6.26692508 0.94256419 0.22766808 0.24436170 0.77467400 0.82264800 8 12 8 8 128 127 0 0
25.23702049 -8.18933463 0.10226345 0.85500658 -0.51799065 -0.02398755 0.76029003 0.65590101 12 12 12 12 255 0 0 0
25.34108925 -4.22291732 0.10624424 0.80089724 0.07382427 -0.59419537 0.78700602 0.69440800 12 12 12 12 255 0 0 0
23.14496994 8.04727292 0.06209299 0.56587422 0.22174749 -0.79406112 0.81885397 0.81593800 12 12 12 12 255 0 0 0
20.02165985 12.82093263 0.04486747 0.07126072 0.99536121 -0.06448561 0.81186998 0.87492800 12 12 12 12 255 0 0 0
18.85607910 10.73375535 7.05062269 0.05691702 0.98153633 -0.18243966 0.75604802 0.86356600 8 12 8 8 128 127 0 0
13.48320007 7.31825948 8.95815013 -0.97448653 0.15445417 0.16278572 0.68741000 0.93151300 8 8 8 8 255 0 0 0
18.72633934 11.44681001 9.93553661 0.00430311 0.94421214 0.32926419 0.64060903 0.93665300 8 8 8 8 255 0 0 0
18.85607910 10.73375535 7.05062269 0.05691702 0.98153633 -0.18243966 0.64683998 0.90715900 8 12 8 8 128 127 0 0
15.87045002 7.43681455 5.52271818 -0.97009188 0.24140140 0.02514725 0.68818498 0.90252800 8 12 8 8 128 127 0 0
20.64953995 6.95025086 11.20012496 0.78093815 -0.18469802 0.59663683 0.78435200 0.93964900 8 8 8 8 255 0 0 0
18.41585922 3.70472789 10.27833866 0.24423963 -0.93035674 0.27341533 0.73568201 0.94736400 8 8 8 8 255 0 0 0
20.02290916 4.52125049 27.91267894 0.97134310 0.10574663 0.21280557 0.51064003 0.82232200 8 8 8 8 255 0 0 0
15.72313976 -1.24773490 25.81608318 0.07806635 -0.98425245 -0.15842158 0.46171799 0.82261100 8 8 8 8 255 0 0 0
18.41585922 3.70472789 10.27833866 0.24423963 -0.93035674 0.27341533 0.45938900 0.93212500 8 8 8 8 255 0 0 0
20.64953995 6.95025086 11.20012496 0.78093815 -0.18469802 0.59663683 0.49754500 0.93251200 8 8 8 8 255 0 0 0
18.44996071 9.95704103 11.18982433 0.13623463 0.76342052 0.63133639 0.52943403 0.93620500 8 8 8 8 255 0 0 0
15.77583027 10.23029637 25.67570423 -0.23117770 0.96722311 0.10470901 0.55074900 0.84139600 8 8 8 8 255 0 0 0
14.34607983 6.89175534 33.84286617 0.07687613 0.98577839 -0.14941862 0.55981898 0.77535599 3 8 3 3 128 127 0 0
17.44012070 2.77220368 33.49747203 0.88784450 -0.06060976 -0.45606861 0.51414198 0.77375200 3 8 3 3 102 153 0 0
14.52974987 -1.50103486 32.04891704 -0.00469985 -0.82268745 -0.56843776 0.46300599 0.77794801 3 8 3 3 76 179 0 0
14.51511955 -5.73288488 33.66892360 0.23490097 -0.59114355 -0.77156895 0.46046299 0.74755001 3 8 3 3 128 127 0 0
13.67749023 -4.93886161 38.27275203 0.19321269 -0.97955263 0.05575732 0.46025401 0.72694200 3 3 3 3 255 0 0 0
5.61193895 1.52634454 32.18505214 -0.67268896 -0.12399670 -0.72942287 0.38650599 0.75107200 3 3 3 3 255 0 0 0
18.44996071 9.95704103 11.18982433 0.13623463 0.76342052 0.63133639 0.66161102 0.95851900 8 8 8 8 255 0 0 0
15.91291046 6.90237927 10.82498477 -0.96926785 -0.15195166 0.19336528 0.69973397 0.95714000 8 8 8 8 255 0 0 0
18.44996071 9.95704103 11.18982433 0.13623463 0.76342052 0.63133639 0.82044399 0.93499700 8 8 8 8 255 0 0 0
21.34790039 1.86680007 35.74701045 0.98104799 0.03405866 -0.19067965 0.51640898 0.73824599 3 3 3 3 255 0 0 0
9.77545071 2.00962043 32.15839885 -0.41831720 0.03650014 -0.90752894 0.41669399 0.78011000 3 8 3 3 102 153 0 0
14.09467983 9.74460912 35.20285915 0.14236885 0.72136599 -0.67772454 0.56966698 0.73961401 3 3 3 3 255 0 0 0
9.77545071 2.00962043 32.15839885 -0.41831720 0.03650014 -0.90752894 0.61043501 0.78790200 3 8 3 3 102 153 0 0
5.61193895 1.52634454 32.18505214 -0.67268896 -0.12399670 -0.72942287 0.64181203 0.75515699 3 3 3 3 255 0 0 0
10.03067017 3.94782805 26.00018619 -0.98681599 -0.04879910 -0.15417951 0.60275602 0.83530600 8 8 8 8 255 0 0 0
10.03067017 3.94782805 26.00018619 -0.98681599 -0.04879910 -0.15417951 0.41134900 0.82155000 8 8 8 8 255 0 0 0
15.91291046 6.90237927 10.82498477 -0.96926785 -0.15195166 0.19336528 0.42545101 0.92876800 8 8 8 8 255 0 0 0
15.91291046 6.90237927 10.82498477 -0.96926785 -0.15195166 0.19336528 0.55996698 0.93832400 8 8 8 8 255 0 0 0
-2.81876206 -8.07725978 53.54684566 0.16397595 -0.67842644 -0.71611685 0.03628800 0.58737901 2 4 2 2 66 189 0 0
-10.40861988 -6.53565311 54.53732418 -0.31775871 -0.41691336 -0.85158849 0.04472500 0.64576501 4 4 4 4 255 0 0 0
-9.16319275 -4.25306904 56.77338909 -0.15204321 -0.28354746 -0.94680625 0.01425700 0.64551499 2 4 2 2 51 204 0 0
-0.00561500 -5.34960294 55.27914546 -0.01602222 -0.72493666 -0.68858916 0.01501700 0.58738601 3 2 4 3 102 31 122 0
-0.05088600 15.26176095 53.17326091 -0.01358074 0.23767816 -0.97122103 0.03917900 0.82876800 3 2 4 3 63 117 75 0
-0.03976800 12.71910214 57.65823863 -0.01275674 0.69051182 -0.72319710 0.01524300 0.82875800 3 2 4 3 102 46 107 0
-9.24299622 11.27342820 58.55581783 -0.45701468 0.52977079 -0.71446884 0.01550800 0.77467400 2 4 2 2 76 179 0 0
-11.27427959 12.89938569 53.08197902 -0.21372113 0.14593951 -0.96591085 0.04640000 0.77435400 4 4 4 4 255 0 0 0
-13.22253990 2.23573232 58.95263790 0.46177557 -0.38096255 -0.80098879 0.01432500 0.70600599 2 4 2 2 76 179 0 0
-16.75357056 1.10974216 54.70142101 -0.41190833 -0.17023225 -0.89516890 0.04790300 0.70635900 4 4 4 4 255 0 0 0
-1.26970994 -2.80267759 49.36219524 0.51838738 -0.68294322 -0.51457256 0.39313200 0.64396799 4 4 4 4 255 0 0 0
-11.17825985 -4.95886421 50.04771160 -0.33527634 -0.93481249 0.11688589 0.45756599 0.65450600 4 4 4 4 255 0 0 0
-16.84707069 2.38353181 49.88476680 -0.94149601 -0.16016114 0.29648733 0.51418602 0.66179299 4 4 4 4 255 0 0 0
-0.04959500 -4.93629813 51.89872859 -0.02874844 -0.74773401 -0.66331983 0.38636899 0.62162599 3 4 3 3 128 127 0 0
-0.00561500 -5.34960294 55.27914546 -0.01602222 -0.72493666 -0.68858916 0.39429399 0.59895399 3 2 4 3 102 31 122 0
-9.16319275 -4.25306904 56.77338909 -0.15204321 -0.28354746 -0.94680625 0.45671201 0.60848799 2 4 2 2 51 204 0 0
-13.22253990 2.23573232 58.95263790 0.46177557 -0.38096255 -0.80098879 0.50881398 0.60167301 2 4 2 2 76 179 0 0
-9.24299622 11.27342820 58.55581783 -0.45701468 0.52977079 -0.71446884 0.57030803 0.59630299 2 4 2 2 76 179 0 0
-10.72327995 11.36719346 48.74872325 -0.36487931 0.93063140 0.02746666 0.58117700 0.65642399 4 4 4 4 255 0 0 0
-0.03976800 12.71910214 57.65823863 -0.01275674 0.69051182 -0.72319710 0.61971301 0.57618999 3 2 4 3 102 46 107 0
-0.08875100 10.61645341 52.26993297 0.00439467 0.53801078 -0.84292126 0.63417900 0.60479999 3 4 3 3 102 153 0 0
-3.28785706 10.76293874 51.88551448 0.25257120 0.86248362 -0.43848994 0.62328899 0.62494299 2 4 2 2 107 148 0 0
-4.24916506 10.04576230 48.63971828 0.64577168 0.70113224 -0.30219427 0.61868799 0.64831901 4 4 4 4 255 0 0 0
-0.04959500 -4.93629813 51.89872859 -0.02874844 -0.74773401 -0.66331983 0.72343200 0.63862899 3 4 3 3 128 127 0 0
-1.26970994 -2.80267759 49.36219524 0.51838738 -0.68294322 -0.51457256 0.70165902 0.65849900 4 4 4 4 255 0 0 0
2.80456710 -8.07400632 53.56969570 -0.16742454 -0.67287213 -0.72054201 0.03628800 0.58737901 3 2 3 3 163 92 0 0
9.19571877 -4.04007769 56.57285808 0.15399639 -0.30527666 -0.93969542 0.01425700 0.64551499 3 2 3 3 133 122 0 0
11.14783001 12.70493817 52.83347820 0.19840083 0.12408826 -0.97222817 0.04640000 0.77435400 3 3 3 3 255 0 0 0
9.18779278 11.20881867 58.42027019 0.46641439 0.53416544 -0.70503861 0.01550800 0.77467400 3 2 3 3 179 76 0 0
1.14314795 -3.09039462 49.53246044 -0.51753289 -0.70110172 -0.49046296 0.39313200 0.64396799 3 3 3 3 255 0 0 0
9.19571877 -4.04007769 56.57285808 0.15399639 -0.30527666 -0.93969542 0.45671201 0.60848799 3 2 3 3 133 122 0 0
1.14314795 -3.09039462 49.53246044 -0.51753289 -0.70110172 -0.49046296 0.70165902 0.65849900 3 3 3 3 255 0 0 0
9.18779278 11.20881867 58.42027019 0.46641439 0.53416544 -0.70503861 0.57030803 0.59630299 3 2 3 3 179 76 0 0
3.19711089 10.92132211 52.02488063 -0.24201179 0.85717338 -0.45460373 0.62328899 0.62494299 3 2 3 3 102 153 0 0
-11.27427959 12.89938569 53.08197902 -0.21372113 0.14593951 -0.96591085 0.13071901 0.00621200 4 4 4 4 255 0 0 0
-16.75357056 1.10974216 54.70142101 -0.41190833 -0.17023225 -0.89516890 0.02147900 0.03421098 4 4 4 4 255 0 0 0
-15.02256012 2.69225955 62.37741970 -0.96218759 -0.08594012 0.25836971 0.04811400 0.09690201 2 5 2 2 121 134 0 0
-10.01282978 12.54296041 61.91339229 -0.58137763 0.79125339 0.18936735 0.13708299 0.07233500 2 5 2 2 121 134 0 0
-0.05088600 15.26176095 53.17326091 -0.01358074 0.23767816 -0.97122103 0.22362900 0.00687301 3 2 4 3 63 117 75 0
-0.00578000 14.55317330 61.45483135 0.00000000 0.98611408 0.16599017 0.22362900 0.07418400 2 5 2 2 121 134 0 0
10.00127029 12.54296041 61.91340373 0.58507037 0.79067355 0.18018128 0.31017399 0.07233500 2 5 2 2 121 134 0 0
11.14783001 12.70493817 52.83347820 0.19840083 0.12408826 -0.97222817 0.31653899 0.00621200 3 3 3 3 255 0 0 0
-2.81876206 -8.07725978 53.54684566 0.16397595 -0.67842644 -0.71611685 0.18803801 0.94268300 2 4 2 2 66 189 0 0
-0.00577800 -7.48283601 60.78226970 -0.00372326 -0.99993896 0.00811792 0.22362900 0.87065600 2 5 2 2 121 134 0 0
-9.17384148 -4.71813571 61.33067439 -0.48558000 -0.84731591 0.21500289 0.13570900 0.86402801 2 5 2 2 121 134 0 0
-10.40861988 -6.53565311 54.53732418 -0.31775871 -0.41691336 -0.85158849 0.12198100 0.93381900 4 4 4 4 255 0 0 0
-16.75357056 1.10974216 54.70142101 -0.41190833 -0.17023225 -0.89516890 0.03981000 0.91375800 4 4 4 4 255 0 0 0
-15.02256012 2.69225955 62.37741970 -0.96218759 -0.08594012 0.25836971 0.05695900 0.84605300 2 5 2 2 121 134 0 0
-0.00561500 -5.34960294 55.27914546 -0.01602222 -0.72493666 -0.68858916 0.22362900 0.93331200 3 2 4 3 102 31 122 0
2.80456710 -8.07400632 53.56969570 -0.16742454 -0.67287213 -0.72054201 0.25921899 0.94268300 3 2 3 3 163 92 0 0
10.40981007 -6.39359117 54.42365001 0.31220436 -0.41807306 -0.85305339 0.04472500 0.64576501 3 2 3 3 204 51 0 0
16.66806984 0.96214485 54.64306377 0.42612994 -0.16187018 -0.89004183 0.04790300 0.70635900 3 3 3 3 255 0 0 0
13.18618011 2.18889117 58.92159007 -0.47270119 -0.39463484 -0.78789634 0.01432500 0.70600599 3 2 3 3 179 76 0 0
11.06243992 -5.21215153 50.16823314 0.33579516 -0.92846459 0.15857418 0.45756599 0.65450600 3 3 3 3 255 0 0 0
16.71331024 2.13667464 49.80055736 0.94280833 -0.15552233 0.29471725 0.51418602 0.66179299 3 3 3 3 255 0 0 0
13.18618011 2.18889117 58.92159007 -0.47270119 -0.39463484 -0.78789634 0.50881398 0.60167301 3 2 3 3 179 76 0 0
10.55932999 11.08275247 48.53806804 0.37470627 0.92709130 -0.00881985 0.58117700 0.65642399 3 3 3 3 255 0 0 0
4.08739805 9.74638963 48.51764797 -0.64937282 0.68797874 -0.32392347 0.61868799 0.64831901 3 3 3 3 255 0 0 0
15.01099968 2.69225669 62.37741970 0.96404922 -0.08224738 0.25260171 0.39914301 0.09690201 2 5 2 2 121 134 0 0
16.66806984 0.96214485 54.64306377 0.42612994 -0.16187018 -0.89004183 0.42577800 0.03421098 3 3 3 3 255 0 0 0
-0.00578100 -7.18090367 64.45300792 -0.00228889 -0.98077333 0.19510484 0.22362900 0.82390900 2 5 2 2 96 159 0 0
9.09679031 -4.79185593 61.70047496 0.48640400 -0.84820092 0.20954008 0.31154799 0.86402801 3 2 5 3 39 83 132 0
10.40981007 -6.39359117 54.42365001 0.31220436 -0.41807306 -0.85305339 0.32527599 0.93381900 3 2 3 3 204 51 0 0
16.66806984 0.96214485 54.64306377 0.42612994 -0.16187018 -0.89004183 0.40744701 0.91375800 3 3 3 3 255 0 0 0
15.01099968 2.69225669 62.37741970 0.96404922 -0.08224738 0.25260171 0.39029801 0.84605300 2 5 2 2 121 134 0 0
8.48754692 -4.22964668 66.27892040 0.53825498 -0.79207742 0.28788111 0.30551699 0.81882700 2 5 2 2 96 159 0 0
-11.71457005 4.62519383 77.16199230 -0.95406961 0.11398663 -0.27701652 0.08338400 0.21526003 5 5 5 5 255 0 0 0
-7.30807304 12.14353108 77.25346874 -0.50218207 0.80208749 -0.32316050 0.15296599 0.23368597 5 5 5 5 255 0 0 0
-6.08396912 9.90137601 71.31749462 -0.49006623 0.87151706 0.01525925 0.15728000 0.17111498 2 5 2 2 23 232 0 0
-9.92891121 3.88188291 71.63007091 -0.98171943 0.04892117 0.18387403 0.09544400 0.17034101 2 5 2 2 23 232 0 0
-8.64176941 11.93339658 66.61759685 -0.49861142 0.76458019 0.40833765 0.14782301 0.11571300 2 5 2 2 96 159 0 0
-13.35029030 3.34071851 67.00375102 -0.89352089 -0.01263466 0.44877470 0.07056100 0.13134700 2 5 2 2 96 159 0 0
-0.00578300 14.16330934 77.55159496 0.00000000 0.93179113 -0.36292613 0.22362900 0.23788601 5 5 5 5 255 0 0 0
-0.00578100 10.38562608 70.27628063 0.00000000 0.99728388 0.07351909 0.22362900 0.17172498 2 5 2 2 23 232 0 0
-0.00578100 13.50815797 65.89973949 0.00000000 0.90417188 0.42710653 0.22362900 0.12105399 2 5 2 2 96 159 0 0
6.07240486 9.90137601 71.31749462 0.49006623 0.87151706 0.01525925 0.28997701 0.17111498 2 5 2 2 23 232 0 0
7.29650497 12.14352059 77.25346874 0.50218207 0.80208749 -0.32316050 0.29429099 0.23368597 5 5 5 5 255 0 0 0
11.70300007 4.62519193 77.16199230 0.96481216 0.11447493 -0.23670156 0.36387399 0.21526003 5 5 5 5 255 0 0 0
8.63020706 11.93338609 66.61760448 0.49861142 0.76458019 0.40833765 0.29943401 0.11571300 2 5 2 2 96 159 0 0
9.91734600 3.88188100 71.63007091 0.98171943 0.04892117 0.18387403 0.35181299 0.17034101 2 5 2 2 23 232 0 0
13.33872986 3.34071851 67.00375102 0.89352089 -0.01263466 0.44877470 0.37669700 0.13134700 2 5 2 2 96 159 0 0
-8.49911118 -4.22964573 66.27892040 -0.53904843 -0.79357278 0.28214362 0.14173999 0.81882700 2 5 2 2 96 159 0 0
-13.35029030 3.34071851 67.00375102 -0.89352089 -0.01263466 0.44877470 0.06686500 0.80281700 2 5 2 2 96 159 0 0
-0.00578200 -5.17898822 69.87488292 0.00000000 -0.99462873 0.10345775 0.22362900 0.77596700 2 5 2 2 23 232 0 0
-6.63764191 -3.43129754 71.20143627 -0.62169254 -0.77739799 0.09537034 0.15406600 0.76896100 2 5 2 2 23 232 0 0
-9.92891121 3.88188291 71.63007091 -0.98171943 0.04892117 0.18387403 0.08509700 0.75589700 2 5 2 2 23 232 0 0
13.33872986 3.34071851 67.00375102 0.89352089 -0.01263466 0.44877470 0.38039199 0.80281700 2 5 2 2 96 159 0 0
6.62607908 -3.43129754 71.20143627 0.62169254 -0.77739799 0.09537034 0.29319099 0.76896100 2 5 2 2 23 232 0 0
-0.00578300 -7.11667275 76.22168468 0.00000000 -0.98590046 -0.16714987 0.22362900 0.72430199 5 5 5 5 255 0 0 0
-7.51519585 -4.29521763 76.62171672 -0.67149878 -0.72750020 -0.14059877 0.15771100 0.71620601 5 5 5 5 255 0 0 0
-11.71457005 4.62519383 77.16199230 -0.95406961 0.11398663 -0.27701652 0.07670000 0.70610300 5 5 5 5 255 0 0 0
9.91734600 3.88188100 71.63007091 0.98171943 0.04892117 0.18387403 0.36216000 0.75589700 2 5 2 2 23 232 0 0
7.50362778 -4.29521871 76.62171672 0.67149878 -0.72750020 -0.14059877 0.28954601 0.71620601 5 5 5 5 255 0 0 0
11.70300007 4.62519193 77.16199230 0.96481216 0.11447493 -0.23670156 0.37055701 0.70610300 5 5 5 5 255 0 0 0
-45.26308823 5.14401078 75.95649455 -0.17303994 0.92388684 -0.34125796 0.65645599 0.12871301 24 26 24 24 204 51 0 0
-42.24123383 4.70308566 76.95833324 -0.23294778 0.94271678 -0.23874630 0.63815498 0.12304598 24 24 24 24 255 0 0 0
-39.62414169 -0.64022207 73.62777446 0.54979092 -0.15259255 -0.82122254 0.65755600 0.07745600 24 24 24 24 255 0 0 0
-41.08549500 -2.29885298 71.60578655 0.06472976 -0.35929441 -0.93096715 0.68606400 0.07459199 24 26 24 24 204 51 0 0
-45.62392807 2.89001632 75.12283824 -0.63817257 0.65556812 -0.40357676 0.67022401 0.13313401 24 26 24 24 128 127 0 0
-52.92730331 -2.76031428 67.15971874 -0.73128450 -0.08114871 -0.67720574 0.88115698 0.14485300 26 26 26 26 255 0 0 0
-49.90634537 2.11526227 68.71822856 0.06759850 0.78847623 -0.61128575 0.92815101 0.16846102 26 26 26 26 255 0 0 0
-43.88077164 -5.29883933 68.05061840 0.66838586 -0.44193855 -0.59822381 0.93657798 0.08457398 26 26 26 26 255 0 0 0
-42.52574921 -1.70205343 72.79765819 0.02316355 -0.29956970 -0.95376444 0.98573202 0.10566401 24 26 24 24 128 127 0 0
-45.62392807 2.89001632 75.12283824 -0.63817257 0.65556812 -0.40357676 0.99359000 0.15967500 24 26 24 24 128 127 0 0
-43.88077164 -5.29883933 68.05061840 0.66838586 -0.44193855 -0.59822381 0.77902102 0.00983799 26 26 26 26 255 0 0 0
-42.52574921 -1.70205343 72.79765819 0.02316355 -0.29956970 -0.95376444 0.74013299 0.04720998 24 26 24 24 128 127 0 0
-44.63572311 -2.59962624 77.12673686 -0.30610064 -0.86297190 0.40192878 0.75925499 0.09036398 24 26 24 24 128 127 0 0
-49.26545334 -7.46361899 75.17152904 -0.40470594 -0.73403120 0.54533523 0.81711400 0.08206099 26 26 26 26 255 0 0 0
-53.62969208 -0.00044680 73.15555309 -0.80507827 0.46787927 0.36451307 0.82482201 0.16009700 26 26 26 26 255 0 0 0
-49.90634537 2.11526227 68.71822856 0.06759850 0.78847623 -0.61128575 0.79474801 0.20475900 26 26 26 26 255 0 0 0
-52.92730331 -2.76031428 67.15971874 -0.73128450 -0.08114871 -0.67720574 0.84565699 0.21455503 26 26 26 26 255 0 0 0
-45.62392807 2.89001632 75.12283824 -0.63817257 0.65556812 -0.40357676 0.74864900 0.15820098 24 26 24 24 128 127 0 0
-46.66277313 0.62752533 77.37116741 -0.74758142 0.04385510 0.66267890 0.76106203 0.13184601 24 26 24 24 128 127 0 0
-50.70423508 -6.62365055 67.60737346 -0.30579546 -0.78936124 -0.53230387 0.88109303 0.10523099 26 26 26 26 255 0 0 0
-46.66277313 0.62752533 77.37116741 -0.74758142 0.04385510 0.66267890 0.66821897 0.16500598 24 26 24 24 128 127 0 0
-46.77867889 2.30448079 79.46548198 -0.90731531 0.04803614 0.41767633 0.65605998 0.15295601 24 26 24 24 204 51 0 0
-44.63572311 -2.59962624 77.12673686 -0.30610064 -0.86297190 0.40192878 0.65986902 0.19621301 24 26 24 24 128 127 0 0
-43.54013062 -4.79904389 78.84494518 -0.39722893 -0.84890288 0.34864345 0.64682502 0.19926798 24 26 24 24 204 51 0 0
-42.52574921 -1.70205343 72.79765819 0.02316355 -0.29956970 -0.95376444 0.66499299 0.23843497 24 26 24 24 128 127 0 0
-41.08549500 -2.29885298 71.60578655 0.06472976 -0.35929441 -0.93096715 0.65403098 0.25332201 24 26 24 24 204 51 0 0
-43.52190399 1.98454356 79.44238780 -0.17038484 0.31638539 0.93319499 0.63713199 0.15628397 24 24 24 24 255 0 0 0
-41.00744247 -2.59352157 78.33141826 0.29667044 -0.79229105 0.53309733 0.63115501 0.20202601 24 24 24 24 255 0 0 0
-42.52574921 -1.70205343 72.79765819 0.02316355 -0.29956970 -0.95376444 0.69580501 0.10049999 24 26 24 24 128 127 0 0
-39.62414169 -0.64022207 73.62777446 0.54979092 -0.15259255 -0.82122254 0.63305598 0.24383199 24 24 24 24 255 0 0 0
-50.70423508 -6.62365055 67.60737346 -0.30579546 -0.78936124 -0.53230387 0.83959401 0.01695001 26 26 26 26 255 0 0 0
-29.81678772 9.88493562 81.70260356 0.04290903 0.90313423 -0.42713705 0.53970897 0.09891701 24 21 24 24 127 128 0 0
-26.20914459 9.54286599 83.08417247 -0.18530840 0.98040712 -0.06649983 0.51215601 0.09127700 21 21 21 21 255 0 0 0
-24.43171883 4.66257119 79.84884380 0.29624316 -0.15796381 -0.94192326 0.52733999 0.04268903 21 21 21 21 255 0 0 0
-37.03347397 5.53414845 84.32220195 -0.48081911 0.07696768 0.87340921 0.57622898 0.14687997 24 24 24 24 255 0 0 0
-34.31457520 9.46506429 80.67243694 -0.09979553 0.97097689 -0.21729179 0.56813002 0.10821098 24 24 24 24 255 0 0 0
-31.58798599 6.24484086 85.62422679 -0.38010803 0.48936430 0.78484452 0.53522301 0.14518201 24 21 24 24 127 128 0 0
-28.51981544 4.09442830 79.62272380 0.46269113 -0.12408826 -0.87777334 0.54172802 0.25282598 24 21 24 24 127 128 0 0
-29.04804039 -0.13661551 83.75468944 -0.08438368 -0.94293040 0.32209235 0.53426600 0.20540601 24 21 24 24 127 128 0 0
-32.32390594 -1.77771163 81.70826457 0.34849086 -0.93716240 0.01501511 0.56391799 0.20757502 24 24 24 24 255 0 0 0
